Psalms_001.iaa	-	44	1	42	86	0.9885
Psalms_002.iaa	-	81	5	82	163	0.9702
Psalms_003.iaa	-	64	2	64	128	0.9846
Psalms_004.iaa	-	72	1	74	146	0.9932
Psalms_005.iaa	-	107	8	104	211	0.9635
Psalms_006.iaa	-	81	2	82	163	0.9879
Psalms_007.iaa	-	140	4	138	278	0.9858
Psalms_008.iaa	-	66	0	62	128	1.0
Psalms_009.iaa	-	153	5	155	308	0.984
Psalms_010.iaa	-	146	6	144	290	0.9797
Psalms_011.iaa	-	60	1	57	117	0.9915
Psalms_012.iaa	-	58	5	58	116	0.9587
Psalms_013.iaa	-	52	3	51	103	0.9717
Psalms_014.iaa	-	50	1	52	102	0.9903
Psalms_015.iaa	-	45	3	45	90	0.9677
Psalms_016.iaa	-	92	1	94	186	0.9947
Psalms_017.iaa	-	142	3	145	287	0.9897
Psalms_018.iaa	-	402	5	397	799	0.9938
Psalms_019.iaa	-	108	1	108	216	0.9954
Psalms_020.iaa	-	70	3	70	140	0.979
Psalms_021.iaa	-	106	1	104	210	0.9953
Psalms_022.iaa	-	244	3	242	486	0.9939
Psalms_023.iaa	-	54	1	53	107	0.9907
Psalms_024.iaa	-	70	0	68	138	1.0
Psalms_025.iaa	-	160	3	157	317	0.9906
Psalms_026.iaa	-	80	2	82	162	0.9878
Psalms_027.iaa	-	144	3	149	293	0.9899
Psalms_028.iaa	-	92	3	92	184	0.984
Psalms_029.iaa	-	73	2	71	144	0.9863
Psalms_030.iaa	-	107	1	108	215	0.9954
Psalms_031.iaa	-	221	4	224	445	0.9911
Psalms_032.iaa	-	91	1	92	183	0.9946
Psalms_033.iaa	-	127	5	128	255	0.9808
Psalms_034.iaa	-	152	1	152	304	0.9967
Psalms_035.iaa	-	223	6	220	443	0.9866
Psalms_036.iaa	-	84	1	86	170	0.9942
Psalms_037.iaa	-	262	3	265	527	0.9943
Psalms_038.iaa	-	164	3	168	332	0.991
Psalms_039.iaa	-	121	1	122	243	0.9959
Psalms_040.iaa	-	176	3	177	353	0.9916
Psalms_041.iaa	-	110	4	112	222	0.9823
Psalms_042.iaa	-	119	3	116	235	0.9874
Psalms_043.iaa	-	53	3	50	103	0.9717
Psalms_044.iaa	-	200	2	196	396	0.995
Psalms_045.iaa	-	149	7	140	289	0.9764
Psalms_046.iaa	-	80	0	82	162	1.0
Psalms_047.iaa	-	45	8	45	90	0.9184
Psalms_048.iaa	-	73	19	72	145	0.8841
Psalms_049.iaa	-	145	5	144	289	0.983
Psalms_050.iaa	-	166	4	166	332	0.9881
Psalms_051.iaa	-	154	4	151	305	0.9871
Psalms_052.iaa	-	73	4	74	147	0.9735
Psalms_053.iaa	-	52	5	54	106	0.955
Psalms_054.iaa	-	65	1	67	132	0.9925
Psalms_055.iaa	-	189	2	182	371	0.9946
Psalms_056.iaa	-	109	1	113	222	0.9955
Psalms_057.iaa	-	108	1	106	214	0.9953
Psalms_058.iaa	-	73	7	72	145	0.9539
Psalms_059.iaa	-	151	2	152	303	0.9934
Psalms_060.iaa	-	105	1	106	211	0.9953
Psalms_061.iaa	-	59	4	58	117	0.9669
Psalms_062.iaa	-	103	2	105	208	0.9905
Psalms_063.iaa	-	92	1	93	185	0.9946
Psalms_064.iaa	-	71	2	72	143	0.9862
Psalms_065.iaa	-	106	2	102	208	0.9905
Psalms_066.iaa	-	146	3	145	291	0.9898
Psalms_067.iaa	-	56	6	57	113	0.9496
Psalms_068.iaa	-	272	3	269	541	0.9945
Psalms_069.iaa	-	281	8	282	563	0.986
Psalms_070.iaa	-	45	0	46	91	1.0
Psalms_071.iaa	-	206	2	204	410	0.9951
Psalms_072.iaa	-	138	2	138	276	0.9928
Psalms_073.iaa	-	164	3	171	335	0.9911
Psalms_074.iaa	-	168	5	167	335	0.9853
Psalms_075.iaa	-	66	2	63	129	0.9847
Psalms_076.iaa	-	72	2	69	141	0.986
Psalms_077.iaa	-	143	3	146	289	0.9897
Psalms_078.iaa	-	507	5	513	1020	0.9951
Psalms_079.iaa	-	119	2	117	236	0.9916
Psalms_080.iaa	-	140	2	137	277	0.9928
Psalms_081.iaa	-	117	4	120	237	0.9834
Psalms_082.iaa	-	39	7	36	75	0.9146
Psalms_083.iaa	-	115	4	105	220	0.9821
Psalms_084.iaa	-	95	2	96	191	0.9896
Psalms_085.iaa	-	94	6	92	186	0.9688
Psalms_086.iaa	-	148	3	143	291	0.9898
Psalms_087.iaa	-	41	3	39	80	0.9639
Psalms_088.iaa	-	142	4	141	283	0.9861
Psalms_089.iaa	-	376	16	370	746	0.979
Psalms_090.iaa	-	135	1	134	269	0.9963
Psalms_091.iaa	-	115	3	111	226	0.9869
Psalms_092.iaa	-	89	4	92	181	0.9784
Psalms_093.iaa	-	29	11	29	58	0.8406
Psalms_094.iaa	-	133	8	133	266	0.9708
Psalms_095.iaa	-	79	2	80	159	0.9876
Psalms_096.iaa	-	95	1	90	185	0.9946
Psalms_097.iaa	-	77	5	74	151	0.9679
Psalms_098.iaa	-	60	5	58	118	0.9593
Psalms_099.iaa	-	70	8	68	138	0.9452
Psalms_100.iaa	-	40	2	42	82	0.9762
Psalms_101.iaa	-	61	3	61	122	0.976
Psalms_102.iaa	-	202	4	207	409	0.9903
Psalms_103.iaa	-	155	2	155	310	0.9936
Psalms_104.iaa	-	248	5	251	499	0.9901
Psalms_105.iaa	-	287	7	290	577	0.988
Psalms_106.iaa	-	309	13	316	625	0.9796
Psalms_107.iaa	-	251	5	242	493	0.99
Psalms_108.iaa	-	93	4	92	185	0.9788
Psalms_109.iaa	-	225	5	223	448	0.989
Psalms_110.iaa	-	56	3	55	111	0.9737
Psalms_111.iaa	-	66	4	64	130	0.9701
Psalms_112.iaa	-	67	4	65	132	0.9706
Psalms_113.iaa	-	40	3	43	83	0.9651
Psalms_114.iaa	-	41	1	42	83	0.9881
Psalms_115.iaa	-	112	4	111	223	0.9824
Psalms_116.iaa	-	115	5	109	224	0.9782
Psalms_117.iaa	-	11	3	11	22	0.88
Psalms_118.iaa	-	173	3	173	346	0.9914
Psalms_119.iaa	-	1188	15	1187	2375	0.9937
Psalms_120.iaa	-	36	0	36	72	1.0
Psalms_121.iaa	-	45	2	46	91	0.9785
Psalms_122.iaa	-	55	0	56	111	1.0
Psalms_123.iaa	-	34	1	34	68	0.9855
Psalms_124.iaa	-	46	2	48	94	0.9792
Psalms_125.iaa	-	36	1	36	72	0.9863
Psalms_126.iaa	-	40	2	41	81	0.9759
Psalms_127.iaa	-	37	3	39	76	0.962
Psalms_128.iaa	-	37	2	37	74	0.9737
Psalms_129.iaa	-	45	0	45	90	1.0
Psalms_130.iaa	-	49	0	49	98	1.0
Psalms_131.iaa	-	26	2	26	52	0.963
Psalms_132.iaa	-	127	4	125	252	0.9844
Psalms_133.iaa	-	20	0	20	40	1.0
Psalms_134.iaa	-	19	1	18	37	0.9737
Psalms_135.iaa	-	129	7	123	252	0.973
Psalms_136.iaa	-	156	2	154	310	0.9936
Psalms_137.iaa	-	60	6	60	120	0.9524
Psalms_138.iaa	-	69	2	69	138	0.9857
Psalms_139.iaa	-	171	3	173	344	0.9914
Psalms_140.iaa	-	102	0	102	204	1.0
Psalms_141.iaa	-	91	2	91	182	0.9891
Psalms_142.iaa	-	75	2	77	152	0.987
Psalms_143.iaa	-	127	3	128	255	0.9884
Psalms_144.iaa	-	135	4	135	270	0.9854
Psalms_145.iaa	-	142	4	137	279	0.9859
Psalms_146.iaa	-	83	2	79	162	0.9878
Psalms_147.iaa	-	129	7	127	256	0.9734
Psalms_148.iaa	-	90	2	74	164	0.988
Psalms_149.iaa	-	60	3	60	120	0.9756
Psalms_150.iaa	-	41	3	38	79	0.9634
