Psalms_001.iaa	-	30	15	28	58	0.7945
Psalms_002.iaa	-	47	39	48	95	0.709
Psalms_003.iaa	-	41	25	41	82	0.7664
Psalms_004.iaa	-	32	41	34	66	0.6168
Psalms_005.iaa	-	59	56	56	115	0.6725
Psalms_006.iaa	-	34	49	35	69	0.5847
Psalms_007.iaa	-	90	54	88	178	0.7672
Psalms_008.iaa	-	40	26	36	76	0.7451
Psalms_009.iaa	-	91	67	93	184	0.7331
Psalms_010.iaa	-	93	59	91	184	0.7572
Psalms_011.iaa	-	31	30	28	59	0.6629
Psalms_012.iaa	-	33	30	33	66	0.6875
Psalms_013.iaa	-	28	27	27	55	0.6707
Psalms_014.iaa	-	28	23	30	58	0.716
Psalms_015.iaa	-	25	23	25	50	0.6849
Psalms_016.iaa	-	45	48	47	92	0.6571
Psalms_017.iaa	-	53	92	56	109	0.5423
Psalms_018.iaa	-	270	137	265	535	0.7961
Psalms_019.iaa	-	60	49	60	120	0.7101
Psalms_020.iaa	-	24	49	24	48	0.4948
Psalms_021.iaa	-	49	58	47	96	0.6234
Psalms_022.iaa	-	118	129	116	234	0.6446
Psalms_023.iaa	-	21	34	20	41	0.5467
Psalms_024.iaa	-	46	24	44	90	0.7895
Psalms_025.iaa	-	97	66	94	191	0.7432
Psalms_026.iaa	-	37	45	39	76	0.6281
Psalms_027.iaa	-	82	65	87	169	0.7222
Psalms_028.iaa	-	62	33	62	124	0.7898
Psalms_029.iaa	-	38	37	36	74	0.6667
Psalms_030.iaa	-	54	54	55	109	0.6687
Psalms_031.iaa	-	105	120	108	213	0.6396
Psalms_032.iaa	-	49	43	50	99	0.6972
Psalms_033.iaa	-	71	61	72	143	0.701
Psalms_034.iaa	-	84	69	84	168	0.7089
Psalms_035.iaa	-	125	104	122	247	0.7037
Psalms_036.iaa	-	30	55	32	62	0.5299
Psalms_037.iaa	-	142	123	145	287	0.7
Psalms_038.iaa	-	76	91	80	156	0.6316
Psalms_039.iaa	-	59	63	60	119	0.6538
Psalms_040.iaa	-	102	77	103	205	0.727
Psalms_041.iaa	-	61	53	63	124	0.7006
Psalms_042.iaa	-	86	36	83	169	0.8244
Psalms_043.iaa	-	33	23	30	63	0.7326
Psalms_044.iaa	-	92	110	88	180	0.6207
Psalms_045.iaa	-	62	94	53	115	0.5502
Psalms_046.iaa	-	35	45	37	72	0.6154
Psalms_047.iaa	-	18	35	18	36	0.507
Psalms_048.iaa	-	34	58	33	67	0.536
Psalms_049.iaa	-	73	77	72	145	0.6532
Psalms_050.iaa	-	99	71	99	198	0.7361
Psalms_051.iaa	-	66	92	63	129	0.5837
Psalms_052.iaa	-	29	48	30	59	0.5514
Psalms_053.iaa	-	28	29	30	58	0.6667
Psalms_054.iaa	-	31	35	33	64	0.6465
Psalms_055.iaa	-	91	100	84	175	0.6364
Psalms_056.iaa	-	46	64	50	96	0.6
Psalms_057.iaa	-	58	51	56	114	0.6909
Psalms_058.iaa	-	30	50	29	59	0.5413
Psalms_059.iaa	-	91	62	92	183	0.7469
Psalms_060.iaa	-	46	60	47	93	0.6078
Psalms_061.iaa	-	29	34	28	57	0.6264
Psalms_062.iaa	-	53	52	55	108	0.675
Psalms_063.iaa	-	32	61	33	65	0.5159
Psalms_064.iaa	-	37	36	38	75	0.6757
Psalms_065.iaa	-	46	62	42	88	0.5867
Psalms_066.iaa	-	66	83	65	131	0.6121
Psalms_067.iaa	-	30	32	31	61	0.6559
Psalms_068.iaa	-	139	136	136	275	0.6691
Psalms_069.iaa	-	127	162	128	255	0.6115
Psalms_070.iaa	-	18	27	19	37	0.5781
Psalms_071.iaa	-	111	97	109	220	0.694
Psalms_072.iaa	-	63	77	63	126	0.6207
Psalms_073.iaa	-	79	88	86	165	0.6522
Psalms_074.iaa	-	67	106	66	133	0.5565
Psalms_075.iaa	-	39	29	36	75	0.7212
Psalms_076.iaa	-	41	33	38	79	0.7054
Psalms_077.iaa	-	60	86	63	123	0.5885
Psalms_078.iaa	-	325	187	331	656	0.7782
Psalms_079.iaa	-	56	65	54	110	0.6286
Psalms_080.iaa	-	72	70	69	141	0.6682
Psalms_081.iaa	-	62	59	65	127	0.6828
Psalms_082.iaa	-	23	23	20	43	0.6515
Psalms_083.iaa	-	61	58	51	112	0.6588
Psalms_084.iaa	-	50	47	51	101	0.6824
Psalms_085.iaa	-	46	54	44	90	0.625
Psalms_086.iaa	-	76	75	71	147	0.6622
Psalms_087.iaa	-	25	19	23	48	0.7164
Psalms_088.iaa	-	63	83	62	125	0.601
Psalms_089.iaa	-	201	191	195	396	0.6746
Psalms_090.iaa	-	55	81	54	109	0.5737
Psalms_091.iaa	-	63	55	59	122	0.6893
Psalms_092.iaa	-	35	58	38	73	0.5573
Psalms_093.iaa	-	11	29	11	22	0.4314
Psalms_094.iaa	-	82	59	82	164	0.7354
Psalms_095.iaa	-	49	32	50	99	0.7557
Psalms_096.iaa	-	58	38	53	111	0.745
Psalms_097.iaa	-	38	44	35	73	0.6239
Psalms_098.iaa	-	33	32	31	64	0.6667
Psalms_099.iaa	-	47	31	45	92	0.748
Psalms_100.iaa	-	20	22	22	42	0.6562
Psalms_101.iaa	-	40	24	40	80	0.7692
Psalms_102.iaa	-	98	108	103	201	0.6505
Psalms_103.iaa	-	89	68	89	178	0.7236
Psalms_104.iaa	-	129	124	132	261	0.6779
Psalms_105.iaa	-	152	142	155	307	0.6837
Psalms_106.iaa	-	184	138	191	375	0.731
Psalms_107.iaa	-	162	94	153	315	0.7702
Psalms_108.iaa	-	45	52	44	89	0.6312
Psalms_109.iaa	-	133	97	131	264	0.7313
Psalms_110.iaa	-	18	41	17	35	0.4605
Psalms_111.iaa	-	39	31	37	76	0.7103
Psalms_112.iaa	-	26	45	24	50	0.5263
Psalms_113.iaa	-	20	23	23	43	0.6515
Psalms_114.iaa	-	21	21	22	43	0.6719
Psalms_115.iaa	-	75	41	74	149	0.7842
Psalms_116.iaa	-	80	40	74	154	0.7938
Psalms_117.iaa	-	6	8	6	12	0.6
Psalms_118.iaa	-	108	68	108	216	0.7606
Psalms_119.iaa	-	975	228	974	1949	0.8953
Psalms_120.iaa	-	12	24	12	24	0.5
Psalms_121.iaa	-	24	23	25	49	0.6806
Psalms_122.iaa	-	23	32	24	47	0.5949
Psalms_123.iaa	-	21	14	21	42	0.75
Psalms_124.iaa	-	20	28	22	42	0.6
Psalms_125.iaa	-	14	23	14	28	0.549
Psalms_126.iaa	-	19	23	20	39	0.629
Psalms_127.iaa	-	18	22	20	38	0.6333
Psalms_128.iaa	-	12	27	12	24	0.4706
Psalms_129.iaa	-	17	28	17	34	0.5484
Psalms_130.iaa	-	29	20	29	58	0.7436
Psalms_131.iaa	-	16	12	16	32	0.7273
Psalms_132.iaa	-	74	57	72	146	0.7192
Psalms_133.iaa	-	13	7	13	26	0.7879
Psalms_134.iaa	-	8	12	7	15	0.5556
Psalms_135.iaa	-	76	60	70	146	0.7087
Psalms_136.iaa	-	96	62	94	190	0.754
Psalms_137.iaa	-	27	39	27	54	0.5806
Psalms_138.iaa	-	26	45	26	52	0.5361
Psalms_139.iaa	-	67	107	69	136	0.5597
Psalms_140.iaa	-	46	56	46	92	0.6216
Psalms_141.iaa	-	31	62	31	62	0.5
Psalms_142.iaa	-	44	33	46	90	0.7317
Psalms_143.iaa	-	55	75	56	111	0.5968
Psalms_144.iaa	-	68	71	68	136	0.657
Psalms_145.iaa	-	75	71	70	145	0.6713
Psalms_146.iaa	-	55	30	51	106	0.7794
Psalms_147.iaa	-	75	61	73	148	0.7081
Psalms_148.iaa	-	65	27	49	114	0.8085
Psalms_149.iaa	-	32	31	32	64	0.6737
Psalms_150.iaa	-	13	31	10	23	0.4259
